874 100 1
874 101 1
874 102 1
874 103 1
874 104 1
874 105 1
874 106 1
874 107 1
874 108 1
874 109 1
874 110 1
874 111 1
874 112 1
874 113 1
874 114 1
874 115 1
874 116 1
874 117 1
874 118 1
873 119 1
873 120 1
873 121 1
873 122 1
872 123 1
872 124 1
872 125 1
872 126 1
872 127 1
872 128 1
872 129 1
872 130 1
872 131 1
871 132 1
872 132 1
871 133 1
871 134 1
871 135 1
871 136 1
871 137 1
871 138 1
870 139 1
870 140 1
870 141 1
870 142 1
870 143 1
870 144 1
870 145 1
869 146 1
869 147 1
869 148 1
869 149 1
869 150 1
869 151 1
869 152 1
869 153 1
869 154 1
869 155 1
869 156 1
869 157 1
869 158 1
869 159 1
868 160 1
868 161 1
868 162 1
868 163 1
868 164 1
868 165 1
868 166 1
868 167 1
868 168 1
868 169 1
868 170 1
868 171 1
868 172 1
868 173 1
868 174 1
867 175 1
867 176 1
867 177 1
867 178 1
867 179 1
866 180 1
866 181 1
866 182 1
866 183 1
866 184 1
866 185 1
866 186 1
865 187 1
865 188 1
865 189 1
865 190 1
865 191 1
865 192 1
865 193 1
865 194 1
864 195 1
865 195 1
864 196 1
864 197 1
864 198 1
864 199 1
864 200 1
863 201 1
863 202 1
863 203 1
863 204 1
863 205 1
863 206 1
863 207 1
863 208 1
863 209 1
862 210 1
862 211 1
862 212 1
861 213 1
861 214 1
861 215 1
861 216 1
861 217 1
861 218 1
861 219 1
861 220 1
861 221 1
861 222 1
861 223 1
861 224 1
861 225 1
861 226 1
861 227 1
861 228 1
860 229 1
860 230 1
860 231 1
860 232 1
860 233 1
860 234 1
860 235 1
860 236 1
860 237 1
860 238 1
860 239 1
860 240 1
860 241 1
859 242 1
859 243 1
859 244 1
858 245 1
858 246 1
858 247 1
858 248 1
858 249 1
858 250 1
858 251 1
857 252 1
857 253 1
857 254 1
857 255 1
856 256 1
856 257 1
856 258 1
856 259 1
856 260 1
856 261 1
856 262 1
856 263 1
856 264 1
855 265 1
855 266 1
855 267 1
855 268 1
855 269 1
855 270 1
855 271 1
855 272 1
855 273 1
855 274 1
855 275 1
855 276 1
855 277 1
855 278 1
855 279 1
854 280 1
854 281 1
854 282 1
854 283 1
854 284 1
854 285 1
854 286 1
854 287 1
854 288 1
854 289 1
853 290 1
853 291 1
853 292 1
853 293 1
853 294 1
852 295 1
852 296 1
852 297 1
851 298 1
851 299 1
851 300 1
851 301 1
851 302 1
851 303 1
851 304 1
851 305 1
851 306 1
851 307 1
851 308 1
851 309 1
850 310 1
850 311 1
850 312 1
849 313 1
849 314 1
849 315 1
849 316 1
849 317 1
849 318 1
849 319 1
849 320 1
848 321 1
848 322 1
848 323 1
848 324 1
848 325 1
848 326 1
848 327 1
848 328 1
847 329 1
847 330 1
847 331 1
847 332 1
847 333 1
847 334 1
847 335 1
847 336 1
846 337 1
846 338 1
846 339 1
846 340 1
846 341 1
845 342 1
845 343 1
845 344 1
845 345 1
845 346 1
845 347 1
844 348 1
844 349 1
844 350 1
844 351 1
844 352 1
844 353 1
843 354 1
843 355 1
843 356 1
843 357 1
843 358 1
843 359 1
843 360 1
843 361 1
843 362 1
843 363 1
843 364 1
842 365 1
842 366 1
842 367 1
841 368 1
841 369 1
841 370 1
841 371 1
841 372 1
841 373 1
841 374 1
841 375 1
841 376 1
841 377 1
841 378 1
841 379 1
841 380 1
840 381 1
840 382 1
840 383 1
840 384 1
840 385 1
840 386 1
840 387 1
840 388 1
840 389 1
840 390 1
840 391 1
839 392 1
839 393 1
839 394 1
839 395 1
839 396 1
839 397 1
839 398 1
838 399 1
838 400 1
838 401 1
838 402 1
838 403 1
838 404 1
838 405 1
837 406 1
837 407 1
837 408 1
837 409 1
837 410 1
837 411 1
837 412 1
836 413 1
836 414 1
836 415 1
836 416 1
836 417 1
836 418 1
836 419 1
836 420 1
835 421 1
836 421 1
835 422 1
835 423 1
835 424 1
835 425 1
835 426 1
835 427 1
834 428 1
834 429 1
834 430 1
834 431 1
833 432 1
833 433 1
833 434 1
833 435 1
833 436 1
833 437 1
833 438 1
833 439 1
833 440 1
833 441 1
833 442 1
833 443 1
833 444 1
833 445 1
833 446 1
833 447 1
833 448 1
832 449 1
832 450 1
832 451 1
832 452 1
832 453 1
832 454 1
832 455 1
831 456 1
831 457 1
831 458 1
831 459 1
831 460 1
831 461 1
831 462 1
831 463 1
831 464 1
831 465 1
830 466 1
830 467 1
830 468 1
830 469 1
830 470 1
830 471 1
830 472 1
830 473 1
829 474 1
829 475 1
829 476 1
829 477 1
829 478 1
829 479 1
828 480 1
827 481 1
828 481 1
827 482 1
827 483 1
827 484 1
826 485 1
826 486 1
826 487 1
826 488 1
826 489 1
826 490 1
826 491 1
826 492 1
826 493 1
826 494 1
826 495 1
826 496 1
826 497 1
826 498 1
825 499 1
825 500 1
825 501 1
825 502 1
825 503 1
825 504 1
825 505 1
825 506 1
825 507 1
825 508 1
825 509 1
825 510 1
825 511 1
825 512 1
825 513 1
825 514 1
825 515 1
824 516 1
824 517 1
824 518 1
823 519 1
823 520 1
823 521 1
822 522 1
822 523 1
822 524 1
822 525 1
822 526 1
821 527 1
821 528 1
821 529 1
821 530 1
821 531 1
821 532 1
821 533 1
821 534 1
820 535 1
820 536 1
820 537 1
820 538 1
820 539 1
820 540 1
820 541 1
820 542 1
820 543 1
820 544 1
820 545 1
820 546 1
820 547 1
820 548 1
819 549 1
819 550 1
819 551 1
819 552 1
819 553 1
819 554 1
818 555 1
818 556 1
818 557 1
818 558 1
818 559 1
818 560 1
818 561 1
817 562 1
817 563 1
816 564 1
817 564 1
816 565 1
816 566 1
816 567 1
816 568 1
816 569 1
816 570 1
816 571 1
816 572 1
816 573 1
816 574 1
816 575 1
816 576 1
816 577 1
816 578 1
816 579 1
816 580 1
816 581 1
816 582 1
816 583 1
816 584 1
816 585 1
815 586 1
815 587 1
814 588 1
814 589 1
814 590 1
814 591 1
814 592 1
814 593 1
814 594 1
814 595 1
813 596 1
813 597 1
813 598 1
813 599 1
813 600 1
812 601 1
812 602 1
812 603 1
812 604 1
812 605 1
812 606 1
812 607 1
812 608 1
812 609 1
812 610 1
812 611 1
812 612 1
811 613 1
811 614 1
811 615 1
811 616 1
810 617 1
810 618 1
810 619 1
810 620 1
810 621 1
810 622 1
809 623 1
809 624 1
809 625 1
809 626 1
809 627 1
809 628 1
809 629 1
808 630 1
808 631 1
808 632 1
808 633 1
808 634 1
808 635 1
808 636 1
808 637 1
808 638 1
808 639 1
808 640 1
808 641 1
808 642 1
808 643 1
808 644 1
808 645 1
808 646 1
807 647 1
807 648 1
807 649 1
807 650 1
807 651 1
807 652 1
807 653 1
806 654 1
806 655 1
806 656 1
806 657 1
806 658 1
806 659 1
806 660 1
806 661 1
805 662 1
805 663 1
805 664 1
805 665 1
805 666 1
805 667 1
804 668 1
804 669 1
804 670 1
804 671 1
804 672 1
804 673 1
804 674 1
803 675 1
803 676 1
803 677 1
803 678 1
803 679 1
803 680 1
803 681 1
803 682 1
803 683 1
803 684 1
803 685 1
803 686 1
803 687 1
803 688 1
803 689 1
802 690 1
803 690 1
802 691 1
802 692 1
802 693 1
801 694 1
801 695 1
801 696 1
801 697 1
800 698 1
801 698 1
800 699 1
800 700 1
800 701 1
800 702 1
800 703 1
800 704 1
800 705 1
800 706 1
800 707 1
800 708 1
800 709 1
799 710 1
799 711 1
799 712 1
799 713 1
799 714 1
799 715 1
799 716 1
798 717 1
798 718 1
798 719 1
798 720 1
797 721 1
797 722 1
797 723 1
797 724 1
797 725 1
797 726 1
797 727 1
797 728 1
796 729 1
796 730 1
796 731 1
796 732 1
796 733 1
796 734 1
796 735 1
796 736 1
795 737 1
795 738 1
795 739 1
795 740 1
795 741 1
794 742 1
794 743 1
794 744 1
794 745 1
794 746 1
794 747 1
794 748 1
794 749 1
794 750 1
794 751 1
794 752 1
793 753 1
793 754 1
793 755 1
793 756 1
793 757 1
793 758 1
793 759 1
793 760 1
792 761 1
792 762 1
792 763 1
792 764 1
792 765 1
792 766 1
792 767 1
791 768 1
791 769 1
791 770 1
791 771 1
790 772 1
790 773 1
790 774 1
790 775 1
790 776 1
790 777 1
790 778 1
790 779 1
790 780 1
790 781 1
790 782 1
790 783 1
790 784 1
790 785 1
790 786 1
790 787 1
790 788 1
789 789 1
789 790 1
789 791 1
789 792 1
789 793 1
789 794 1
789 795 1
789 796 1
789 797 1
789 798 1
789 799 1
788 800 1
788 801 1
788 802 1
788 803 1
788 804 1
788 805 1
788 806 1
788 807 1
788 808 1
788 809 1
788 810 1
787 811 1
787 812 1
787 813 1
787 814 1
787 815 1
787 816 1
786 817 1
786 818 1
786 819 1
786 820 1
785 821 1
786 821 1
785 822 1
785 823 1
784 824 1
784 825 1
784 826 1
783 827 1
783 828 1
783 829 1
783 830 1
783 831 1
783 832 1
783 833 1
783 834 1
783 835 1
783 836 1
782 837 1
782 838 1
782 839 1
782 840 1
782 841 1
782 842 1
782 843 1
782 844 1
782 845 1
782 846 1
782 847 1
782 848 1
782 849 1
782 850 1
782 851 1
782 852 1
781 853 1
781 854 1
781 855 1
781 856 1
780 857 1
780 858 1
780 859 1
780 860 1
780 861 1
780 862 1
779 863 1
779 864 1
779 865 1
779 866 1
779 867 1
779 868 1
779 869 1
779 870 1
779 871 1
779 872 1
778 873 1
778 874 1
778 875 1
778 876 1
778 877 1
778 878 1
778 879 1
778 880 1
778 881 1
777 882 1
777 883 1
777 884 1
777 885 1
776 886 1
776 887 1
776 888 1
776 889 1
776 890 1
776 891 1
776 892 1
776 893 1
776 894 1
776 895 1
776 896 1
776 897 1
776 898 1
776 899 1

1251 100 2
1251 101 2
1251 102 2
1250 103 2
1250 104 2
1250 105 2
1249 106 2
1249 107 2
1249 108 2
1249 109 2
1248 110 2
1248 111 2
1248 112 2
1248 113 2
1248 114 2
1248 115 2
1248 116 2
1248 117 2
1248 118 2
1248 119 2
1248 120 2
1248 121 2
1248 122 2
1248 123 2
1248 124 2
1247 125 2
1247 126 2
1247 127 2
1247 128 2
1246 129 2
1246 130 2
1246 131 2
1245 132 2
1245 133 2
1245 134 2
1245 135 2
1245 136 2
1245 137 2
1244 138 2
1244 139 2
1244 140 2
1243 141 2
1243 142 2
1243 143 2
1243 144 2
1243 145 2
1243 146 2
1243 147 2
1243 148 2
1243 149 2
1242 150 2
1242 151 2
1242 152 2
1242 153 2
1242 154 2
1242 155 2
1242 156 2
1242 157 2
1242 158 2
1241 159 2
1241 160 2
1241 161 2
1241 162 2
1241 163 2
1241 164 2
1240 165 2
1240 166 2
1240 167 2
1240 168 2
1240 169 2
1240 170 2
1239 171 2
1239 172 2
1239 173 2
1239 174 2
1239 175 2
1239 176 2
1239 177 2
1239 178 2
1239 179 2
1238 180 2
1238 181 2
1238 182 2
1238 183 2
1238 184 2
1237 185 2
1237 186 2
1237 187 2
1237 188 2
1237 189 2
1237 190 2
1237 191 2
1236 192 2
1236 193 2
1236 194 2
1236 195 2
1236 196 2
1236 197 2
1236 198 2
1236 199 2
1236 200 2
1236 201 2
1235 202 2
1235 203 2
1235 204 2
1234 205 2
1234 206 2
1234 207 2
1234 208 2
1234 209 2
1233 210 2
1234 210 2
1233 211 2
1233 212 2
1233 213 2
1233 214 2
1232 215 2
1232 216 2
1232 217 2
1232 218 2
1232 219 2
1232 220 2
1232 221 2
1231 222 2
1231 223 2
1231 224 2
1231 225 2
1231 226 2
1231 227 2
1231 228 2
1230 229 2
1230 230 2
1230 231 2
1230 232 2
1230 233 2
1230 234 2
1230 235 2
1230 236 2
1230 237 2
1230 238 2
1230 239 2
1229 240 2
1229 241 2
1229 242 2
1229 243 2
1229 244 2
1229 245 2
1229 246 2
1229 247 2
1229 248 2
1229 249 2
1228 250 2
1229 250 2
1228 251 2
1228 252 2
1228 253 2
1227 254 2
1227 255 2
1227 256 2
1226 257 2
1227 257 2
1226 258 2
1226 259 2
1226 260 2
1226 261 2
1225 262 2
1225 263 2
1225 264 2
1224 265 2
1224 266 2
1224 267 2
1224 268 2
1223 269 2
1224 269 2
1223 270 2
1223 271 2
1223 272 2
1223 273 2
1223 274 2
1222 275 2
1222 276 2
1222 277 2
1222 278 2
1222 279 2
1222 280 2
1222 281 2
1221 282 2
1221 283 2
1221 284 2
1221 285 2
1221 286 2
1221 287 2
1220 288 2
1220 289 2
1220 290 2
1220 291 2
1220 292 2
1220 293 2
1220 294 2
1219 295 2
1219 296 2
1219 297 2
1219 298 2
1219 299 2
1218 300 2
1218 301 2
1218 302 2
1218 303 2
1218 304 2
1218 305 2
1218 306 2
1218 307 2
1217 308 2
1217 309 2
1217 310 2
1217 311 2
1217 312 2
1217 313 2
1217 314 2
1217 315 2
1216 316 2
1216 317 2
1216 318 2
1216 319 2
1216 320 2
1216 321 2
1216 322 2
1216 323 2
1215 324 2
1215 325 2
1215 326 2
1215 327 2
1215 328 2
1215 329 2
1215 330 2
1215 331 2
1215 332 2
1215 333 2
1215 334 2
1215 335 2
1214 336 2
1214 337 2
1214 338 2
1214 339 2
1214 340 2
1214 341 2
1214 342 2
1213 343 2
1213 344 2
1213 345 2
1213 346 2
1213 347 2
1213 348 2
1212 349 2
1212 350 2
1211 351 2
1212 351 2
1211 352 2
1211 353 2
1211 354 2
1211 355 2
1210 356 2
1210 357 2
1210 358 2
1210 359 2
1210 360 2
1210 361 2
1210 362 2
1210 363 2
1209 364 2
1209 365 2
1209 366 2
1209 367 2
1209 368 2
1209 369 2
1209 370 2
1209 371 2
1209 372 2
1209 373 2
1209 374 2
1209 375 2
1208 376 2
1208 377 2
1208 378 2
1208 379 2
1208 380 2
1208 381 2
1207 382 2
1207 383 2
1207 384 2
1207 385 2
1207 386 2
1206 387 2
1206 388 2
1206 389 2
1206 390 2
1206 391 2
1206 392 2
1205 393 2
1205 394 2
1205 395 2
1205 396 2
1205 397 2
1205 398 2
1204 399 2
1204 400 2
1204 401 2
1204 402 2
1204 403 2
1204 404 2
1203 405 2
1203 406 2
1203 407 2
1203 408 2
1202 409 2
1202 410 2
1202 411 2
1202 412 2
1202 413 2
1202 414 2
1202 415 2
1202 416 2
1202 417 2
1202 418 2
1201 419 2
1201 420 2
1201 421 2
1201 422 2
1200 423 2
1200 424 2
1200 425 2
1200 426 2
1199 427 2
1199 428 2
1199 429 2
1199 430 2
1199 431 2
1199 432 2
1199 433 2
1199 434 2
1198 435 2
1198 436 2
1198 437 2
1198 438 2
1198 439 2
1198 440 2
1197 441 2
1197 442 2
1196 443 2
1196 444 2
1196 445 2
1196 446 2
1195 447 2
1195 448 2
1195 449 2
1195 450 2
1194 451 2
1194 452 2
1194 453 2
1194 454 2
1194 455 2
1194 456 2
1194 457 2
1194 458 2
1194 459 2
1194 460 2
1194 461 2
1194 462 2
1194 463 2
1194 464 2
1194 465 2
1194 466 2
1194 467 2
1193 468 2
1193 469 2
1193 470 2
1193 471 2
1193 472 2
1193 473 2
1193 474 2
1193 475 2
1193 476 2
1193 477 2
1192 478 2
1192 479 2
1192 480 2
1192 481 2
1191 482 2
1191 483 2
1190 484 2
1190 485 2
1189 486 2
1189 487 2
1188 488 2
1188 489 2
1188 490 2
1188 491 2
1188 492 2
1188 493 2
1188 494 2
1188 495 2
1188 496 2
1188 497 2
1187 498 2
1187 499 2
1187 500 2
1187 501 2
1187 502 2
1187 503 2
1187 504 2
1186 505 2
1186 506 2
1186 507 2
1186 508 2
1186 509 2
1186 510 2
1186 511 2
1186 512 2
1186 513 2
1186 514 2
1186 515 2
1186 516 2
1186 517 2
1185 518 2
1185 519 2
1185 520 2
1185 521 2
1185 522 2
1185 523 2
1185 524 2
1185 525 2
1185 526 2
1185 527 2
1185 528 2
1185 529 2
1184 530 2
1184 531 2
1184 532 2
1184 533 2
1183 534 2
1183 535 2
1183 536 2
1183 537 2
1183 538 2
1182 539 2
1182 540 2
1182 541 2
1182 542 2
1182 543 2
1182 544 2
1181 545 2
1181 546 2
1181 547 2
1181 548 2
1181 549 2
1181 550 2
1181 551 2
1181 552 2
1181 553 2
1180 554 2
1180 555 2
1180 556 2
1180 557 2
1180 558 2
1180 559 2
1180 560 2
1179 561 2
1179 562 2
1179 563 2
1179 564 2
1179 565 2
1179 566 2
1179 567 2
1179 568 2
1179 569 2
1178 570 2
1178 571 2
1178 572 2
1178 573 2
1177 574 2
1177 575 2
1177 576 2
1177 577 2
1177 578 2
1177 579 2
1176 580 2
1176 581 2
1176 582 2
1176 583 2
1175 584 2
1175 585 2
1175 586 2
1174 587 2
1174 588 2
1174 589 2
1173 590 2
1173 591 2
1173 592 2
1173 593 2
1173 594 2
1173 595 2
1173 596 2
1173 597 2
1173 598 2
1173 599 2
1173 600 2
1173 601 2
1173 602 2
1173 603 2
1173 604 2
1173 605 2
1173 606 2
1173 607 2
1173 608 2
1173 609 2
1173 610 2
1173 611 2
1173 612 2
1172 613 2
1172 614 2
1172 615 2
1171 616 2
1171 617 2
1170 618 2
1170 619 2
1170 620 2
1170 621 2
1170 622 2
1169 623 2
1169 624 2
1169 625 2
1169 626 2
1169 627 2
1169 628 2
1169 629 2
1169 630 2
1169 631 2
1168 632 2
1168 633 2
1168 634 2
1168 635 2
1168 636 2
1168 637 2
1168 638 2
1168 639 2
1168 640 2
1167 641 2
1167 642 2
1167 643 2
1167 644 2
1167 645 2
1166 646 2
1167 646 2
1166 647 2
1166 648 2
1165 649 2
1165 650 2
1165 651 2
1165 652 2
1165 653 2
1165 654 2
1164 655 2
1164 656 2
1164 657 2
1164 658 2
1164 659 2
1164 660 2
1164 661 2
1164 662 2
1164 663 2
1163 664 2
1163 665 2
1163 666 2
1163 667 2
1163 668 2
1163 669 2
1163 670 2
1162 671 2
1162 672 2
1162 673 2
1162 674 2
1161 675 2
1162 675 2
1161 676 2
1161 677 2
1161 678 2
1161 679 2
1161 680 2
1160 681 2
1160 682 2
1160 683 2
1160 684 2
1160 685 2
1160 686 2
1160 687 2
1160 688 2
1160 689 2
1159 690 2
1159 691 2
1159 692 2
1159 693 2
1159 694 2
1159 695 2
1159 696 2
1159 697 2
1159 698 2
1159 699 2
1159 700 2
1159 701 2
1159 702 2
1159 703 2
1158 704 2
1158 705 2
1158 706 2
1158 707 2
1158 708 2
1157 709 2
1158 709 2
1157 710 2
1157 711 2
1157 712 2
1156 713 2
1156 714 2
1156 715 2
1156 716 2
1156 717 2
1156 718 2
1156 719 2
1155 720 2
1155 721 2
1155 722 2
1155 723 2
1155 724 2
1154 725 2
1154 726 2
1154 727 2
1154 728 2
1153 729 2
1153 730 2
1153 731 2
1153 732 2
1153 733 2
1153 734 2
1153 735 2
1153 736 2
1153 737 2
1153 738 2
1153 739 2
1153 740 2
1152 741 2
1152 742 2
1151 743 2
1151 744 2
1151 745 2
1151 746 2
1151 747 2
1151 748 2
1151 749 2
1151 750 2
1151 751 2
1151 752 2
1150 753 2
1150 754 2
1150 755 2
1150 756 2
1150 757 2
1150 758 2
1150 759 2
1149 760 2
1150 760 2
1149 761 2
1149 762 2
1149 763 2
1149 764 2
1148 765 2
1148 766 2
1148 767 2
1148 768 2
1148 769 2
1147 770 2
1147 771 2
1146 772 2
1146 773 2
1146 774 2
1146 775 2
1146 776 2
1146 777 2
1146 778 2
1146 779 2
1145 780 2
1145 781 2
1145 782 2
1145 783 2
1145 784 2
1145 785 2
1145 786 2
1144 787 2
1144 788 2
1144 789 2
1144 790 2
1144 791 2
1143 792 2
1143 793 2
1143 794 2
1143 795 2
1143 796 2
1143 797 2
1143 798 2
1143 799 2
1143 800 2
1143 801 2
1143 802 2
1143 803 2
1143 804 2
1143 805 2
1142 806 2
1142 807 2
1141 808 2
1141 809 2
1141 810 2
1141 811 2
1140 812 2
1140 813 2
1140 814 2
1140 815 2
1140 816 2
1140 817 2
1140 818 2
1140 819 2
1140 820 2
1140 821 2
1140 822 2
1140 823 2
1139 824 2
1139 825 2
1139 826 2
1139 827 2
1139 828 2
1139 829 2
1138 830 2
1139 830 2
1138 831 2
1138 832 2
1137 833 2
1137 834 2
1137 835 2
1137 836 2
1137 837 2
1137 838 2
1137 839 2
1137 840 2
1137 841 2
1137 842 2
1136 843 2
1136 844 2
1136 845 2
1136 846 2
1136 847 2
1135 848 2
1135 849 2
1135 850 2
1134 851 2
1134 852 2
1134 853 2
1134 854 2
1134 855 2
1134 856 2
1134 857 2
1134 858 2
1134 859 2
1134 860 2
1133 861 2
1133 862 2
1132 863 2
1133 863 2
1132 864 2
1132 865 2
1132 866 2
1132 867 2
1131 868 2
1132 868 2
1131 869 2
1131 870 2
1131 871 2
1131 872 2
1131 873 2
1131 874 2
1131 875 2
1131 876 2
1131 877 2
1131 878 2
1130 879 2
1130 880 2
1130 881 2
1130 882 2
1130 883 2
1130 884 2
1130 885 2
1130 886 2
1130 887 2
1129 888 2
1129 889 2
1129 890 2
1129 891 2
1129 892 2
1129 893 2
1129 894 2
1129 895 2
1128 896 2
1128 897 2
1128 898 2
1128 899 2

748 100 3
748 101 3
748 102 3
748 103 3
748 104 3
748 105 3
748 106 3
748 107 3
748 108 3
748 109 3
747 110 3
747 111 3
747 112 3
747 113 3
747 114 3
746 115 3
746 116 3
746 117 3
746 118 3
746 119 3
746 120 3
746 121 3
746 122 3
745 123 3
745 124 3
745 125 3
745 126 3
745 127 3
745 128 3
745 129 3
745 130 3
744 131 3
745 131 3
744 132 3
744 133 3
744 134 3
744 135 3
744 136 3
744 137 3
743 138 3
743 139 3
743 140 3
743 141 3
743 142 3
743 143 3
743 144 3
743 145 3
743 146 3
743 147 3
743 148 3
743 149 3
742 150 3
743 150 3
742 151 3
742 152 3
742 153 3
742 154 3
742 155 3
742 156 3
742 157 3
741 158 3
742 158 3
741 159 3
741 160 3
741 161 3
741 162 3
741 163 3
741 164 3
740 165 3
740 166 3
740 167 3
740 168 3
740 169 3
740 170 3
740 171 3
739 172 3
739 173 3
739 174 3
739 175 3
739 176 3
739 177 3
739 178 3
739 179 3
739 180 3
739 181 3
738 182 3
739 182 3
738 183 3
738 184 3
737 185 3
737 186 3
737 187 3
737 188 3
737 189 3
737 190 3
737 191 3
737 192 3
737 193 3
737 194 3
737 195 3
737 196 3
737 197 3
737 198 3
736 199 3
736 200 3
736 201 3
736 202 3
735 203 3
735 204 3
735 205 3
735 206 3
735 207 3
735 208 3
735 209 3
735 210 3
735 211 3
735 212 3
735 213 3
735 214 3
735 215 3
735 216 3
735 217 3
734 218 3
734 219 3
734 220 3
734 221 3
734 222 3
734 223 3
734 224 3
734 225 3
734 226 3
734 227 3
733 228 3
733 229 3
733 230 3
733 231 3
733 232 3
733 233 3
733 234 3
733 235 3
733 236 3
732 237 3
732 238 3
732 239 3
732 240 3
732 241 3
732 242 3
732 243 3
732 244 3
732 245 3
732 246 3
732 247 3
732 248 3
732 249 3
732 250 3
732 251 3
731 252 3
731 253 3
731 254 3
731 255 3
731 256 3
731 257 3
731 258 3
731 259 3
731 260 3
730 261 3
730 262 3
730 263 3
730 264 3
729 265 3
729 266 3
729 267 3
729 268 3
729 269 3
728 270 3
728 271 3
728 272 3
727 273 3
727 274 3
727 275 3
726 276 3
726 277 3
726 278 3
726 279 3
726 280 3
726 281 3
726 282 3
726 283 3
726 284 3
726 285 3
726 286 3
726 287 3
726 288 3
726 289 3
725 290 3
725 291 3
725 292 3
725 293 3
725 294 3
725 295 3
725 296 3
725 297 3
725 298 3
725 299 3
725 300 3
725 301 3
725 302 3
725 303 3
725 304 3
725 305 3
725 306 3
724 307 3
724 308 3
724 309 3
724 310 3
724 311 3
724 312 3
723 313 3
723 314 3
723 315 3
723 316 3
722 317 3
722 318 3
722 319 3
722 320 3
722 321 3
721 322 3
721 323 3
720 324 3
720 325 3
720 326 3
720 327 3
720 328 3
720 329 3
719 330 3
719 331 3
719 332 3
719 333 3
719 334 3
719 335 3
719 336 3
719 337 3
719 338 3
719 339 3
719 340 3
719 341 3
719 342 3
719 343 3
719 344 3
719 345 3
719 346 3
719 347 3
719 348 3
718 349 3
717 350 3
718 350 3
717 351 3
717 352 3
717 353 3
717 354 3
716 355 3
716 356 3
716 357 3
716 358 3
716 359 3
715 360 3
715 361 3
715 362 3
715 363 3
715 364 3
715 365 3
715 366 3
714 367 3
714 368 3
714 369 3
714 370 3
714 371 3
714 372 3
714 373 3
713 374 3
713 375 3
713 376 3
713 377 3
713 378 3
713 379 3
712 380 3
712 381 3
712 382 3
712 383 3
712 384 3
712 385 3
712 386 3
712 387 3
712 388 3
712 389 3
712 390 3
712 391 3
712 392 3
712 393 3
712 394 3
712 395 3
711 396 3
711 397 3
711 398 3
711 399 3
711 400 3
711 401 3
711 402 3
711 403 3
711 404 3
711 405 3
711 406 3
711 407 3
711 408 3
711 409 3
710 410 3
710 411 3
710 412 3
710 413 3
710 414 3
710 415 3
710 416 3
710 417 3
710 418 3
710 419 3
710 420 3
710 421 3
710 422 3
710 423 3
709 424 3
710 424 3
709 425 3
709 426 3
709 427 3
708 428 3
708 429 3
708 430 3
707 431 3
707 432 3
707 433 3
707 434 3
707 435 3
706 436 3
706 437 3
706 438 3
706 439 3
705 440 3
705 441 3
705 442 3
705 443 3
705 444 3
705 445 3
705 446 3
705 447 3
705 448 3
705 449 3
705 450 3
705 451 3
704 452 3
704 453 3
704 454 3
704 455 3
704 456 3
704 457 3
704 458 3
704 459 3
704 460 3
704 461 3
704 462 3
704 463 3
704 464 3
704 465 3
704 466 3
704 467 3
704 468 3
704 469 3
703 470 3
703 471 3
703 472 3
703 473 3
703 474 3
702 475 3
702 476 3
702 477 3
702 478 3
702 479 3
702 480 3
702 481 3
702 482 3
701 483 3
701 484 3
701 485 3
701 486 3
701 487 3
700 488 3
700 489 3
700 490 3
700 491 3
700 492 3
700 493 3
700 494 3
699 495 3
699 496 3
699 497 3
698 498 3
698 499 3
698 500 3
698 501 3
698 502 3
698 503 3
698 504 3
698 505 3
698 506 3
697 507 3
697 508 3
697 509 3
697 510 3
697 511 3
697 512 3
697 513 3
697 514 3
697 515 3
697 516 3
697 517 3
696 518 3
696 519 3
696 520 3
696 521 3
696 522 3
696 523 3
696 524 3
696 525 3
695 526 3
695 527 3
695 528 3
695 529 3
694 530 3
694 531 3
694 532 3
693 533 3
693 534 3
693 535 3
693 536 3
693 537 3
692 538 3
692 539 3
692 540 3
692 541 3
692 542 3
692 543 3
692 544 3
692 545 3
692 546 3
692 547 3
692 548 3
692 549 3
692 550 3
692 551 3
692 552 3
692 553 3
692 554 3
692 555 3
692 556 3
692 557 3
692 558 3
692 559 3
692 560 3
691 561 3
691 562 3
691 563 3
691 564 3
691 565 3
691 566 3
691 567 3
690 568 3
690 569 3
689 570 3
689 571 3
689 572 3
689 573 3
688 574 3
689 574 3
688 575 3
688 576 3
688 577 3
688 578 3
688 579 3
688 580 3
688 581 3
688 582 3
688 583 3
688 584 3
688 585 3
687 586 3
687 587 3
687 588 3
686 589 3
686 590 3
686 591 3
686 592 3
686 593 3
686 594 3
686 595 3
685 596 3
685 597 3
685 598 3
685 599 3
685 600 3
685 601 3
685 602 3
684 603 3
684 604 3
684 605 3
684 606 3
684 607 3
684 608 3
683 609 3
683 610 3
683 611 3
683 612 3
683 613 3
683 614 3
683 615 3
684 616 3
684 617 3
684 618 3
684 619 3
684 620 3
684 621 3
684 622 3
684 623 3
684 624 3
684 625 3
683 626 3
683 627 3
682 628 3
683 628 3
682 629 3
682 630 3
681 631 3
681 632 3
681 633 3
680 634 3
680 635 3
680 636 3
680 637 3
680 638 3
679 639 3
679 640 3
679 641 3
679 642 3
679 643 3
679 644 3
679 645 3
679 646 3
679 647 3
678 648 3
678 649 3
678 650 3
678 651 3
678 652 3
678 653 3
678 654 3
678 655 3
678 656 3
678 657 3
678 658 3
678 659 3
677 660 3
678 660 3
677 661 3
677 662 3
677 663 3
677 664 3
677 665 3
677 666 3
676 667 3
677 667 3
676 668 3
676 669 3
676 670 3
676 671 3
676 672 3
676 673 3
676 674 3
676 675 3
676 676 3
676 677 3
676 678 3
676 679 3
675 680 3
675 681 3
675 682 3
675 683 3
675 684 3
675 685 3
675 686 3
674 687 3
674 688 3
674 689 3
674 690 3
674 691 3
674 692 3
673 693 3
673 694 3
673 695 3
673 696 3
673 697 3
672 698 3
672 699 3
672 700 3
672 701 3
672 702 3
672 703 3
672 704 3
672 705 3
672 706 3
671 707 3
671 708 3
671 709 3
671 710 3
671 711 3
671 712 3
670 713 3
670 714 3
670 715 3
670 716 3
670 717 3
670 718 3
670 719 3
670 720 3
670 721 3
670 722 3
670 723 3
669 724 3
669 725 3
669 726 3
669 727 3
669 728 3
668 729 3
668 730 3
668 731 3
668 732 3
668 733 3
668 734 3
668 735 3
668 736 3
668 737 3
668 738 3
668 739 3
668 740 3
667 741 3
667 742 3
667 743 3
667 744 3
667 745 3
667 746 3
667 747 3
667 748 3
666 749 3
666 750 3
666 751 3
666 752 3
666 753 3
666 754 3
666 755 3
666 756 3
666 757 3
665 758 3
666 758 3
665 759 3
665 760 3
665 761 3
665 762 3
665 763 3
665 764 3
664 765 3
664 766 3
664 767 3
664 768 3
664 769 3
664 770 3
664 771 3
664 772 3
664 773 3
664 774 3
664 775 3
663 776 3
663 777 3
663 778 3
663 779 3
663 780 3
663 781 3
663 782 3
663 783 3
663 784 3
663 785 3
663 786 3
663 787 3
663 788 3
663 789 3
663 790 3
662 791 3
662 792 3
662 793 3
662 794 3
662 795 3
662 796 3
661 797 3
661 798 3
661 799 3
661 800 3
661 801 3
661 802 3
661 803 3
661 804 3
660 805 3
661 805 3
660 806 3
660 807 3
660 808 3
659 809 3
659 810 3
659 811 3
659 812 3
658 813 3
658 814 3
658 815 3
658 816 3
658 817 3
657 818 3
657 819 3
657 820 3
657 821 3
657 822 3
657 823 3
657 824 3
657 825 3
657 826 3
656 827 3
656 828 3
656 829 3
656 830 3
656 831 3
656 832 3
656 833 3
656 834 3
655 835 3
655 836 3
655 837 3
655 838 3
655 839 3
655 840 3
654 841 3
654 842 3
654 843 3
654 844 3
654 845 3
654 846 3
654 847 3
654 848 3
654 849 3
654 850 3
653 851 3
653 852 3
653 853 3
653 854 3
653 855 3
653 856 3
653 857 3
653 858 3
653 859 3
653 860 3
652 861 3
652 862 3
652 863 3
652 864 3
652 865 3
652 866 3
652 867 3
652 868 3
652 869 3
652 870 3
652 871 3
652 872 3
652 873 3
651 874 3
651 875 3
651 876 3
651 877 3
651 878 3
651 879 3
651 880 3
651 881 3
650 882 3
650 883 3
650 884 3
650 885 3
650 886 3
649 887 3
649 888 3
648 889 3
649 889 3
648 890 3
648 891 3
648 892 3
648 893 3
648 894 3
648 895 3
648 896 3
648 897 3
648 898 3
648 899 3

